0 0
0.2 0
0.4 0
0.6 0
0.8 0
1 0
1.2 0
1.4 0
1.6 0
1.8 0
2 0
0.094681 0.005
0.194681 0.005
0.384132 0.005
0.584067 0.005
0.786203 0.005
0.989059 0.005
1.19176 0.005
1.39219 0.005
1.58312 0.005
1.73859 0.005
1.76236 0.005
0.0932271 0.01
0.193227 0.01
0.370999 0.01
0.568838 0.01
0.772277 0.01
0.977424 0.01
1.18168 0.01
1.37992 0.01
1.55919 0.01
1.68933 0.01
1.71759 0.01
0.091339 0.015
0.191339 0.015
0.359926 0.015
0.554545 0.015
0.758365 0.015
0.965033 0.015
1.16974 0.015
1.36443 0.015
1.53322 0.015
1.64894 0.015
1.68088 0.015
0.0890858 0.02
0.189086 0.02
0.350321 0.02
0.541219 0.02
0.74458 0.02
0.951947 0.02
1.15621 0.02
1.34692 0.02
1.50723 0.02
1.61443 0.02
1.64953 0.02
0.0865219 0.025
0.186522 0.025
0.341774 0.025
0.528794 0.025
0.731002 0.025
0.938297 0.025
1.14145 0.025
1.32826 0.025
1.48201 0.025
1.58404 0.025
1.62194 0.025
0.0836904 0.03
0.18369 0.03
0.334 0.03
0.517168 0.03
0.717685 0.03
0.924243 0.03
1.12584 0.03
1.30905 0.03
1.4578 0.03
1.55668 0.03
1.5971 0.03
0.0806257 0.035
0.180626 0.035
0.326795 0.035
0.506236 0.035
0.704662 0.035
0.909947 0.035
1.1097 0.035
1.28968 0.035
1.43465 0.035
1.53163 0.035
1.57438 0.035
0.0773558 0.04
0.177356 0.04
0.320011 0.04
0.495895 0.04
0.691951 0.04
0.895551 0.04
1.09327 0.04
1.27041 0.04
1.41251 0.04
1.50841 0.04
1.55332 0.04
0.0739031 0.045
0.173903 0.045
0.313539 0.045
0.486058 0.045
0.67956 0.045
0.881171 0.045
1.07676 0.045
1.25139 0.045
1.3913 0.045
1.48668 0.045
1.53362 0.045
0.0702864 0.05
0.170286 0.05
0.307299 0.05
0.476646 0.05
0.667489 0.05
0.866901 0.05
1.06032 0.05
1.23272 0.05
1.37097 0.05
1.4662 0.05
1.51507 0.05
