0 0 0
0.2 0 0.1
0.4 0 0.2
0.6 0 0.3
0.8 0 0.4
1 0 0.5
1.2 0 0.6
1.4 0 0.7
1.6 0 0.8
1.8 0 0.9
2 0 1
0.094681 0.005 0
0.194681 0.005 0.1
0.384132 0.005 0.2
0.584067 0.005 0.3
0.786203 0.005 0.4
0.989059 0.005 0.5
1.19176 0.005 0.6
1.39219 0.005 0.7
1.58312 0.005 0.8
1.73859 0.005 0.9
1.76236 0.005 1
0.0932271 0.01 0
0.193227 0.01 0.1
0.370999 0.01 0.2
0.568838 0.01 0.3
0.772277 0.01 0.4
0.977424 0.01 0.5
1.18168 0.01 0.6
1.37992 0.01 0.7
1.55919 0.01 0.8
1.68933 0.01 0.9
1.71759 0.01 1
0.091339 0.015 0
0.191339 0.015 0.1
0.359926 0.015 0.2
0.554545 0.015 0.3
0.758365 0.015 0.4
0.965033 0.015 0.5
1.16974 0.015 0.6
1.36443 0.015 0.7
1.53322 0.015 0.8
1.64894 0.015 0.9
1.68088 0.015 1
0.0890858 0.02 0
0.189086 0.02 0.1
0.350321 0.02 0.2
0.541219 0.02 0.3
0.74458 0.02 0.4
0.951947 0.02 0.5
1.15621 0.02 0.6
1.34692 0.02 0.7
1.50723 0.02 0.8
1.61443 0.02 0.9
1.64953 0.02 1
0.0865219 0.025 0
0.186522 0.025 0.1
0.341774 0.025 0.2
0.528794 0.025 0.3
0.731002 0.025 0.4
0.938297 0.025 0.5
1.14145 0.025 0.6
1.32826 0.025 0.7
1.48201 0.025 0.8
1.58404 0.025 0.9
1.62194 0.025 1
0.0836904 0.03 0
0.18369 0.03 0.1
0.334 0.03 0.2
0.517168 0.03 0.3
0.717685 0.03 0.4
0.924243 0.03 0.5
1.12584 0.03 0.6
1.30905 0.03 0.7
1.4578 0.03 0.8
1.55668 0.03 0.9
1.5971 0.03 1
0.0806257 0.035 0
0.180626 0.035 0.1
0.326795 0.035 0.2
0.506236 0.035 0.3
0.704662 0.035 0.4
0.909947 0.035 0.5
1.1097 0.035 0.6
1.28968 0.035 0.7
1.43465 0.035 0.8
1.53163 0.035 0.9
1.57438 0.035 1
0.0773558 0.04 0
0.177356 0.04 0.1
0.320011 0.04 0.2
0.495895 0.04 0.3
0.691951 0.04 0.4
0.895551 0.04 0.5
1.09327 0.04 0.6
1.27041 0.04 0.7
1.41251 0.04 0.8
1.50841 0.04 0.9
1.55332 0.04 1
0.0739031 0.045 0
0.173903 0.045 0.1
0.313539 0.045 0.2
0.486058 0.045 0.3
0.67956 0.045 0.4
0.881171 0.045 0.5
1.07676 0.045 0.6
1.25139 0.045 0.7
1.3913 0.045 0.8
1.48668 0.045 0.9
1.53362 0.045 1
0.0702864 0.05 0
0.170286 0.05 0.1
0.307299 0.05 0.2
0.476646 0.05 0.3
0.667489 0.05 0.4
0.866901 0.05 0.5
1.06032 0.05 0.6
1.23272 0.05 0.7
1.37097 0.05 0.8
1.4662 0.05 0.9
1.51507 0.05 1
