0 0 0
0.2 0 0.1
0.4 0 0.2
0.6 0 0.3
0.8 0 0.4
1 0 0.5
1.2 0 0.6
1.4 0 0.7
1.6 0 0.8
1.8 0 0.9
2 0 1
0.0991377 0.005 0
0.199138 0.005 0.1
0.385113 0.005 0.2
0.584048 0.005 0.3
0.78592 0.005 0.4
0.988748 0.005 0.5
1.19149 0.005 0.6
1.39186 0.005 0.7
1.58226 0.005 0.8
1.73645 0.005 0.9
1.76041 0.005 1
0.0979533 0.01 0
0.197953 0.01 0.1
0.372998 0.01 0.2
0.569124 0.01 0.3
0.771888 0.01 0.4
0.976879 0.01 0.5
1.18116 0.01 0.6
1.37925 0.01 0.7
1.55789 0.01 0.8
1.68723 0.01 0.9
1.71568 0.01 1
0.0962849 0.015 0
0.196285 0.015 0.1
0.362695 0.015 0.2
0.555271 0.015 0.3
0.758033 0.015 0.4
0.964353 0.015 0.5
1.169 0.015 0.6
1.36348 0.015 0.7
1.5317 0.015 0.8
1.64693 0.015 0.9
1.67906 0.015 1
0.0942145 0.02 0
0.194215 0.02 0.1
0.353684 0.02 0.2
0.54243 0.02 0.3
0.744432 0.02 0.4
0.951231 0.02 0.5
1.15531 0.02 0.6
1.34576 0.02 0.7
1.50562 0.02 0.8
1.61251 0.02 0.9
1.6478 0.02 1
0.0918056 0.025 0
0.191806 0.025 0.1
0.345609 0.025 0.2
0.530492 0.025 0.3
0.731128 0.025 0.4
0.937638 0.025 0.5
1.14046 0.025 0.6
1.32697 0.025 0.7
1.48036 0.025 0.8
1.58221 0.025 0.9
1.62028 0.025 1
0.0891076 0.03 0
0.189108 0.03 0.1
0.338217 0.03 0.2
0.519333 0.03 0.3
0.718142 0.03 0.4
0.923718 0.03 0.5
1.12484 0.03 0.6
1.30769 0.03 0.7
1.45615 0.03 0.8
1.55493 0.03 0.9
1.59551 0.03 1
0.0861599 0.035 0
0.18616 0.035 0.1
0.331326 0.035 0.2
0.508837 0.035 0.3
0.705481 0.035 0.4
0.909617 0.035 0.5
1.10874 0.035 0.6
1.28832 0.035 0.7
1.43302 0.035 0.8
1.52995 0.035 0.9
1.57285 0.035 1
0.0829936 0.04 0
0.182994 0.04 0.1
0.324806 0.04 0.2
0.498898 0.04 0.3
0.693145 0.04 0.4
0.89546 0.04 0.5
1.09241 0.04 0.6
1.26908 0.04 0.7
1.41093 0.04 0.8
1.5068 0.04 0.9
1.55185 0.04 1
0.079634 0.045 0
0.179634 0.045 0.1
0.31856 0.045 0.2
0.489426 0.045 0.3
0.681129 0.045 0.4
0.88135 0.045 0.5
1.07604 0.045 0.6
1.25013 0.045 0.7
1.38979 0.045 0.8
1.48514 0.045 0.9
1.53222 0.045 1
0.0761017 0.05 0
0.176102 0.05 0.1
0.312515 0.05 0.2
0.480347 0.05 0.3
0.669425 0.05 0.4
0.86737 0.05 0.5
1.05978 0.05 0.6
1.23157 0.05 0.7
1.36954 0.05 0.8
1.46473 0.05 0.9
1.51374 0.05 1
