0 0
0.2 0.1
0.4 0.2
0.6 0.3
0.8 0.4
1 0.5
1.2 0.6
1.4 0.7
1.6 0.8
1.8 0.9
2 1
0.0991377 0
0.199138 0.1
0.385113 0.2
0.584048 0.3
0.78592 0.4
0.988748 0.5
1.19149 0.6
1.39186 0.7
1.58226 0.8
1.73645 0.9
1.76041 1
0.0979533 0
0.197953 0.1
0.372998 0.2
0.569124 0.3
0.771888 0.4
0.976879 0.5
1.18116 0.6
1.37925 0.7
1.55789 0.8
1.68723 0.9
1.71568 1
0.0962849 0
0.196285 0.1
0.362695 0.2
0.555271 0.3
0.758033 0.4
0.964353 0.5
1.169 0.6
1.36348 0.7
1.5317 0.8
1.64693 0.9
1.67906 1
0.0942145 0
0.194215 0.1
0.353684 0.2
0.54243 0.3
0.744432 0.4
0.951231 0.5
1.15531 0.6
1.34576 0.7
1.50562 0.8
1.61251 0.9
1.6478 1
0.0918056 0
0.191806 0.1
0.345609 0.2
0.530492 0.3
0.731128 0.4
0.937638 0.5
1.14046 0.6
1.32697 0.7
1.48036 0.8
1.58221 0.9
1.62028 1
0.0891076 0
0.189108 0.1
0.338217 0.2
0.519333 0.3
0.718142 0.4
0.923718 0.5
1.12484 0.6
1.30769 0.7
1.45615 0.8
1.55493 0.9
1.59551 1
0.0861599 0
0.18616 0.1
0.331326 0.2
0.508837 0.3
0.705481 0.4
0.909617 0.5
1.10874 0.6
1.28832 0.7
1.43302 0.8
1.52995 0.9
1.57285 1
0.0829936 0
0.182994 0.1
0.324806 0.2
0.498898 0.3
0.693145 0.4
0.89546 0.5
1.09241 0.6
1.26908 0.7
1.41093 0.8
1.5068 0.9
1.55185 1
0.079634 0
0.179634 0.1
0.31856 0.2
0.489426 0.3
0.681129 0.4
0.88135 0.5
1.07604 0.6
1.25013 0.7
1.38979 0.8
1.48514 0.9
1.53222 1
0.0761017 0
0.176102 0.1
0.312515 0.2
0.480347 0.3
0.669425 0.4
0.86737 0.5
1.05978 0.6
1.23157 0.7
1.36954 0.8
1.46473 0.9
1.51374 1
