0 0
0.2 0.1
0.4 0.2
0.6 0.3
0.8 0.4
1 0.5
1.2 0.6
1.4 0.7
1.6 0.8
1.8 0.9
2 1
0.094681 0
0.194681 0.1
0.384132 0.2
0.584067 0.3
0.786203 0.4
0.989059 0.5
1.19176 0.6
1.39219 0.7
1.58312 0.8
1.73859 0.9
1.76236 1
0.0932271 0
0.193227 0.1
0.370999 0.2
0.568838 0.3
0.772277 0.4
0.977424 0.5
1.18168 0.6
1.37992 0.7
1.55919 0.8
1.68933 0.9
1.71759 1
0.091339 0
0.191339 0.1
0.359926 0.2
0.554545 0.3
0.758365 0.4
0.965033 0.5
1.16974 0.6
1.36443 0.7
1.53322 0.8
1.64894 0.9
1.68088 1
0.0890858 0
0.189086 0.1
0.350321 0.2
0.541219 0.3
0.74458 0.4
0.951947 0.5
1.15621 0.6
1.34692 0.7
1.50723 0.8
1.61443 0.9
1.64953 1
0.0865219 0
0.186522 0.1
0.341774 0.2
0.528794 0.3
0.731002 0.4
0.938297 0.5
1.14145 0.6
1.32826 0.7
1.48201 0.8
1.58404 0.9
1.62194 1
0.0836904 0
0.18369 0.1
0.334 0.2
0.517168 0.3
0.717685 0.4
0.924243 0.5
1.12584 0.6
1.30905 0.7
1.4578 0.8
1.55668 0.9
1.5971 1
0.0806257 0
0.180626 0.1
0.326795 0.2
0.506236 0.3
0.704662 0.4
0.909947 0.5
1.1097 0.6
1.28968 0.7
1.43465 0.8
1.53163 0.9
1.57438 1
0.0773558 0
0.177356 0.1
0.320011 0.2
0.495895 0.3
0.691951 0.4
0.895551 0.5
1.09327 0.6
1.27041 0.7
1.41251 0.8
1.50841 0.9
1.55332 1
0.0739031 0
0.173903 0.1
0.313539 0.2
0.486058 0.3
0.67956 0.4
0.881171 0.5
1.07676 0.6
1.25139 0.7
1.3913 0.8
1.48668 0.9
1.53362 1
0.0702864 0
0.170286 0.1
0.307299 0.2
0.476646 0.3
0.667489 0.4
0.866901 0.5
1.06032 0.6
1.23272 0.7
1.37097 0.8
1.4662 0.9
1.51507 1
